1251
615
3912
2530
4536
6285
3128
6542
7018
9242
3361
8630
8846
9917
6513
4637
8463
1361
3141
8907
1118
6725
9976
9802
5115
4642
5064
5250
9516
7195
4954
1986
6602
4302
6359
2251
9858
8966
853
6269
1394
6379
1443
1129
8793
4914
6627
5226
4149
6624
8654
9622
8481
814
3513
2194
120
6406
9557
5139
9810
2981
7517
8326
32
9570
9576
525
2616
5496
4831
1304
6515
1787
7772
2238
272
2796
1109
2368
3732
7328
5420
9220
8844
4222
3644
5145
9271
6214
7327
4430
9428
4056
9232
3194
1370
1617
598
8983
4855
2509
709
3530
1730
4022
9399
6912
4523
8665
8648
6061
8591
3603
4028
3427
4335
331
7123
36
2220
7236
8405
4695
1255
4598
7904
9027
7973
7832
4932
3332
5740
3986
3906
9857
1820
7311
1895
3441
712
3285
1139
2875
1324
3555
9443
284
3481
78
2202
4706
1429
1456
8818
1365
5299
5859
363
1973
4743
1212
7751
3783
9934
352
2996
3184
690
5943
8177
7074
4512
6758
9574
4061
9898
1362
9388
3818
2114
2303
1243
1287
8007
2223
2045
8384
3346
4471
7448
4890
7272
9416
3880
5296
5237
4952
7569
8038
1404
1717
9314
6594
2574
1411
6260
239
5265
517
6566
2386
7916
9178
978
2311
1315
2735
6570
8108
4654
297
1850
3277
2942
6394
2890
8460
3941
4495
9966
8455
2750
3204
130
4285
435
495
4572
3905
7325
1866
3708
776
3899
4881
7825
2426
4791
8949
3626
7601
4126
5878
2028
5862
3367
4607
8741
3037
1198
677
490
9653
7019
329
8183
4676
537
7603
3921
4816
8127
138
5636
9082
700
22
6490
926
7420
7880
9129
771
9285
4731
3383
1942
4709
8204
1704
8049
9183
6059
577
8864
2944
8327
8494
9965
5817
6321
283
7734
6476
2728
45
6986
8670
1949
355
3164
6139
1933
862
5047
2779
1040
6541
8062
7838
9599
1556
4515
9330
1470
4293
5414
9590
9544
6550
1664
4312
4548
599
494
9803
492
5169
2150
9378
6946
8681
7554
2011
9453
6751
303
1608
9555
8340
8184
4854
3161
9595
9556
7080
3540
4080
8989
4067
9669
5912
6087
7593
2307
1081
9145
7119
4008
9022
9393
8414
5688
3086
5178
2982
6615
9745
7252
3851
3641
3218
425
2162
545
9919
3519
4498
9771
572
6415
4432
2717
3266
9655
7454
8061
7873
446
8552
2634
3289
6654
9545
8241
5225
8156
9137
5024
6381
202
7658
7921
9657
6721
538
1568
6089
2518
9862
8466
7652
9819
9151
3501
7761
183
5388
1913
2030
5601
7738
9414
8691
2871
5657
4464
5141
857
2142
9784
4403
6473
5362
1844
1780
1326
6463
8318
663
6930
2394
1431
5684
9688
5401
931
7650
515
808
440
2726
4352
8638
7370
291
38
3534
3008
1618
8559
7653
8545
7075
5803
6497
7798
702
5117
3924
5409
7683
1574
697
8029
9100
4228
1765
1126
7600
6865
5522
6390
6221
4039
2681
7678
5585
2976